24
CUBE    0     2000        0     50     50   100      1    0     0
CUBE   40     1800    -1000     75     75   150      1    0     0
CUBE    0     1400     1200     50     50   100      1    0     0
CUBE   50     1100     1000    100    100   200      0    0.6   0.8
CUBE   40      100     -600     50     50   100      0.6  0.2   0
CUBE   30    -1000     -700     50     50   100      1    0.5   0.3
CUBE  200      400     -200     40     40    80      1    0     1
CUBE  120    -1400     1000     50     50   100      0.6  0     1
CUBE   10     1000     -500    100    100   200      0    0     1
CUBE   30    -3000     -100    200    200   400      0    1     1
CUBE   20    -1000      500    200    200   400      0    1     1
CUBE   50     -500     -400    100    100   200      0    1     1
CUBE   40      500      400     50     50   100      1    1     0
CUBE   30      800     -700    100    100   200      0    0.4   1
CUBE   20      100      700     70     70   140      1    0     1
CUBE   10     -200      200     90     90   180      0    0.3   1
CUBE   50    -1200     -200    100    100   200      0.2  0     0.7
CUBE   30     1700     -600    200    200   400      0    1     1
CUBE   20     1300        0    100    100   200      0.6  0.05  0.2
CUBE  120        0     2000    200    200   400      0.0  1.0   0.0
CUBE   10      800        0     20     20    40      0.6  0.05  0.2
CUBE    0      -50    -1000     20     20    40      0.0  0.4   1
CUBE   40     -100    -1200     20     20    40      0.2  0     0.7
CUBE   20       50    -1500     15     15    30      0.6  0.05  0.2
